1. a)
[63]
 [20 50 52]
  [10]
  [25 30]
  [51]
  [53 55]
 [100 200]
  [65 70]
  [150]
  [250 300]

b)
[20 60 80]
 [10]
 [30 40 50]
 [70]
 [90 100]
 
 c)
[15 30 50]
 [10 13]
 [20 25]
 [40]
 [55 60]

d)
[25 40 60]
 [20 23]
 [30 35]
 [50]
 [65 70]

e)
[20]
 [13]
  [10]
  [15]
 [30 50]
  [25]
  [40]
  [55 60 70]

2. a)
[25 55 70]
 [10 20]
 [30 50 51 52 53]
 [63 65]
 [100 150 250 200 300]

b)
[50]
 [10 20 30 40]
 [60 70 80 90 100]

c)
[30]
 [10 13 15 20 25]
 [40 50 55 60]

d)
[40]
 [20 23 25 30 35]
 [50 60 65 70]

e)
[15 30]
 [10 30]
 [20 25]
 [40 50 55 60 70]

3. a)
[]

b)
[]

c)
[]

e)
[]

4. a)
[63]
 [20 30 50 52 55]
  [10 20]
  [25 30]
  [50]
  [51 52]
  [53 55]
  [63]
 [70 100 200]
  [65 70]
  [100]
  [150 200]
  [250 300]

b)
[20 50 60 80]
 [10 20]
 [30 40 50]
 [60]
 [70 80]
 [90 100]

c)
[15 20 30 50]
 [10 13 15]
 [20]
 [25 30]
 [40 50]
 [55 60]

e)
[13 20]
 [10 13]
 [15 20]
 [25 30]
