inserting 50
[50]

inserting 100
[50 100]

inserting 30
[30 50 100]

inserting 70
[50]
 [30]
 [70 100]

inserting 150
[50]
 [30]
 [70 100 150]

inserting 55
[50 100]
 [30]
 [55 70]
 [150]

inserting 63
[50 100]
 [30]
 [55 63 70]
 [150]

inserting 65
[50 63 100]
 [30]
 [55]
 [65 70]
 [150]

inserting 10
[63]
 [50]
  [10 30]
  [55]
 [100]
  [65 70]
  [150]

inserting 20
[63]
 [50]
  [10 20 30]
  [55]
 [100]
  [65 70]
  [150]

inserting 25
[63]
 [20 50]
  [10]
  [25 30]
  [55]
 [100]
  [65 70]
  [150]

inserting 200
[63]
 [20 50]
  [10]
  [25 30]
  [55]
 [100]
  [65 70]
  [150 200]

inserting 300
[63]
 [20 50]
  [10]
  [25 30]
  [55]
 [100]
  [65 70]
  [150 200 300]

inserting 250
[63]
 [20 50]
  [10]
  [25 30]
  [55]
 [100 200]
  [65 70]
  [150]
  [250 300]

inserting 51
[63]
 [20 50]
  [10]
  [25 30]
  [51 55]
 [100 200]
  [65 70]
  [150]
  [250 300]

inserting 52
[63]
 [20 50]
  [10]
  [25 30]
  [51 52 55]
 [100 200]
  [65 70]
  [150]
  [250 300]

inserting 53
[63]
 [20 50 52]
  [10]
  [25 30]
  [51]
  [53 55]
 [100 200]
  [65 70]
  [150]
  [250 300]

