deleting 50
[63]
 [20 30 52]
  [10]
  [25]
  [51]
  [53 55]
 [100 200]
  [65 70]
  [150]
  [250 300]

deleting 100
[63]
 [20 30 52]
  [10]
  [25]
  [51]
  [53 55]
 [70 200]
  [65]
  [150]
  [250 300]

deleting 30
[63]
 [20 52]
  [10]
  [25 51]
  [53 55]
 [70 200]
  [65]
  [150]
  [250 300]

deleting 70
[63]
 [20 52]
  [10]
  [25 51]
  [53 55]
 [200]
  [65 150]
  [250 300]

deleting 150
[52]
 [20]
  [10]
  [25 51]
 [63 200]
  [53 55]
  [65]
  [250 300]

deleting 55
[52]
 [20]
  [10]
  [25 51]
 [63 200]
  [53]
  [65]
  [250 300]

deleting 63
[52]
 [20]
  [10]
  [25 51]
 [200]
  [53 65]
  [250 300]

deleting 65
[20 52 200]
 [10]
 [25 51]
 [53]
 [250 300]

deleting 10
[25 52 200]
 [20]
 [51]
 [53]
 [250 300]

deleting 20
[52 200]
 [25 51]
 [53]
 [250 300]

deleting 25
[52 200]
 [51]
 [53]
 [250 300]

deleting 200
[52 250]
 [51]
 [53]
 [300]

deleting 300
[52]
 [51]
 [53 250]

deleting 250
[52]
 [51]
 [53]

deleting 51
[52 53]

deleting 52
[53]

deleting 53
[]

